-0.7613654211027857 1.0213363030858156 -1.4860256410965473 0.0322286466246962 0.5856191546369611 -0.1176211250694149 -0.2426502836537374 0.7444454142043258 -0.9503866777232797 -0.19615595334801078 -0.6552388552104602 0.6362536384042498 
0.7917886205906456 -0.9958826544812173 -1.0333800105771886 -0.44314306539204285 0.20897106962400422 1.1274427899535568 -0.04217021128646392 0.11081841481377804 -0.0754445519134601 -0.37130713002748217 -0.5907152590967758 0.22525178787880454 
-0.35931074140641 -0.375245282691118 -0.7746667944555322 -1.1667945136491418 -0.21808634103144223 -1.1943196354506405 -0.17650112698194692 1.5565349831411635 -1.3544871001362917 -0.8334017970776434 0.5037720361244972 0.6467484292122719 
-0.752861577526773 0.6171201215462417 -1.9507371558082935 -0.9095455625175785 1.3933402097187861 -0.3912365210840093 -1.293530088913878 0.9120859357861647 0.29746460901857624 0.5514946596014305 0.9541773598508071 1.3152706529867253 
0.4301281044293204 1.4417383418863294 -0.6934284097297233 -1.1338298559116196 0.6785222275909335 -0.3430209830946961 -0.9311766112268058 1.274244343214178 -0.6964530417867966 0.33129605522356936 0.5792781384510426 0.3094462998414483 
0.02575416839794634 0.7214126936278907 -0.4520208641206275 -0.6847511942571207 -0.5618830498026179 -1.1779957217782175 -0.9811880743662006 0.35656250162901076 -0.6269654083676492 1.0941161760284686 0.6956855977757473 -0.31588049233671484 
-1.3293373805516377 1.1719713750187941 -1.0521355807591708 0.358353725635839 -0.3228649991864091 0.35621571831487264 -0.16038480353899914 1.5725744125195464 -0.3827020881702802 -0.030925753514328795 -0.528720176191786 1.006846645741606 
-0.9844272480342007 0.5467863499995371 -0.2920029706690158 -0.007501381803942661 1.1049081798216758 -0.31849376964245685 -1.1390037039494247 1.3191980310038942 -0.9789144723432802 1.2568013166013128 0.523107064218505 0.9311076829212818 
-0.5118180779449921 -0.19660829699041812 -0.18854781916894528 -0.3891468401196264 -0.9835604432397071 -0.7502677809796059 -0.48428128266253934 -1.025171625674962 0.6893357371220735 0.8939795837594535 -0.6253497469562007 -0.2220991403321101 
-0.7047255762068817 0.9680069509377217 -0.16074486862470044 -0.5573593469856057 -0.09476282860691346 -1.1311498251704777 -0.671945598567036 1.241604116949075 -0.6340123598962063 -0.7858093006124889 -0.19913953722960853 -0.08892177869639731 

1.056251138875834 -1.0292853596998905 0.3942104629600312 1.4738720150874696 0.164491720455155 -0.5830958102832926 
-0.8675095054110201 0.5465294257390684 0.16024521045362475 -0.4939104391816318 0.39910550487546226 1.6021455606556803 
2.284542258670617 -1.4391987458731592 -0.23383694180510778 1.0093911510635758 -0.6267562783334077 -1.015687690391451 
1.3833413191675386 -0.9045764411079992 -0.36178638047031264 0.12270087772299981 -0.09529668443375658 -0.6520983690450981 
-0.26272767757616283 -0.38407560177558653 0.6010177731147236 -0.4645035682724492 0.8819658027421113 0.9328349255317193 
0.8237388640853198 -0.779255508472173 0.37776854706365637 0.5899073918797789 -0.8880676333360041 -1.4325028875705776 
2.001570851550757 -0.5750141397168321 0.3790574072867079 0.8992824299805734 -0.9534537739207257 -1.0480565302950593 
-2.3216383787084567 1.790139168931573 -0.09786240718958449 -0.9288515467141399 -0.3094548785562892 1.0968137028887006 
1.6591533589258387 -1.2386000290572472 -0.2906498478300724 0.8876693838414575 -0.11726699136556087 -0.8018751261817171 
-0.15787377081489096 0.7743558648091463 0.7880186555675862 -0.9354279599789309 0.13118071527118913 -0.8872947079493599 
-0.7871352025652258 -0.5023791451607507 0.7624211259872532 -0.6210506410956118 0.7994493916485288 -0.7745431748039678 
-0.9077872329564329 1.1140458452264992 0.29413534112293355 0.4525827540693189 0.5202610707275162 1.0537713529657773 

-5.431849326608566 
2.8959389264368536 
0.2005447388067917 
-2.6139276740049855 
0.9820044734635245 
3.070893909281082 
